1B 1 8 2 5 3 1 4 10 5 5
1D 1 9 2 3 3 5 4 6 5 6
1B 1 8 2 2 3 2 4 6 5 3
1C 1 7 2 2 3 5 4 3 5 4
1C 1 3 2 2 3 7 4 9 5 6
1C 1 7 2 2 3 9 4 10 5 3
1C 1 10 2 6 3 5 4 4 5 2
1C 1 4 2 4 3 5 4 2 5 2
1D 1 9 2 8 3 5 4 3 5 8
1C 1 10 2 4 3 2 4 10 5 9
1B 1 6 2 1 3 3 4 9 5 7
1A 1 3 2 5 3 9 4 7 5 6
1A 1 10 2 1 3 1 4 7 5 2
1D 1 9 2 10 3 4 4 5 5 5
1B 1 1 2 7 3 7 4 2 5 9
1E 1 10 2 7 3 4 4 8 5 9
1D 1 3 2 10 3 2 4 4 5 6
1E 1 9 2 5 3 1 4 8 5 7
1D 1 7 2 2 3 6 4 5 5 3
1A 1 10 2 8 3 4 4 8 5 3
1B 1 1 2 2 3 7 4 6 5 8
1A 1 5 2 2 3 3 4 1 5 1
1B 1 5 2 7 3 1 4 8 5 2
2B 1 8 2 5 3 1 4 10 5 5
2D 1 9 2 3 3 5 4 6 5 6
2B 1 8 2 2 3 2 4 6 5 3
2C 1 7 2 2 3 5 4 3 5 4
2C 1 3 2 2 3 7 4 9 5 6
2C 1 7 2 2 3 9 4 10 5 3
2C 1 10 2 6 3 5 4 4 5 2
2C 1 4 2 4 3 5 4 2 5 2
2D 1 9 2 8 3 5 4 3 5 8
2C 1 10 2 4 3 2 4 10 5 9
2B 1 6 2 1 3 3 4 9 5 7
2A 1 3 2 5 3 9 4 7 5 6
2A 1 10 2 1 3 1 4 7 5 2
2D 1 9 2 10 3 4 4 5 5 5
2B 1 1 2 7 3 7 4 2 5 9
2E 1 10 2 7 3 4 4 8 5 9
2D 1 3 2 10 3 2 4 4 5 6
2E 1 9 2 5 3 1 4 8 5 7
2D 1 7 2 2 3 6 4 5 5 3
2A 1 10 2 8 3 4 4 8 5 3
2B 1 1 2 2 3 7 4 6 5 8
2A 1 5 2 2 3 3 4 1 5 1
2B 1 5 2 7 3 1 4 8 5 2
2C 1 8 2 8 3 8 4 4 5 4
2A 1 10 2 10 3 9 4 2 5 9
2C 1 7 2 7 3 1 4 4 5 9
2A 1 2 2 3 3 6 4 1 5 10
2E 1 8 2 9 3 4 4 6 5 2
2C 1 1 2 2 3 7 4 5 5 1
3B 1 8 2 5 3 1 4 10 5 5
3D 1 9 2 3 3 5 4 6 5 6
3B 1 8 2 2 3 2 4 6 5 3
3C 1 7 2 1 3 5 4 3 5 4
3C 1 3 2 2 3 7 4 9 5 6
3C 1 7 2 2 3 9 4 10 5 3
3C 1 10 2 6 3 5 4 4 5 2
3C 1 4 2 4 3 5 4 2 5 2
3D 1 9 2 8 3 5 4 3 5 8
3C 1 10 2 4 3 2 4 10 5 9
3B 1 6 2 1 3 3 4 9 5 7
3A 1 3 2 5 3 9 4 7 5 6
3A 1 10 2 1 3 1 4 7 5 2
3D 1 9 2 10 3 4 4 5 5 5
3B 1 1 2 7 3 7 4 2 5 9
3E 1 10 2 7 3 4 4 8 5 9
3D 1 3 2 10 3 2 4 4 5 6
3E 1 9 2 5 3 1 4 8 5 7
3D 1 7 2 2 3 6 4 5 5 3
3A 1 10 2 8 3 4 4 8 5 3
3B 1 1 2 2 3 7 4 6 5 8
3A 1 5 2 2 3 3 4 1 5 1
3B 1 5 2 7 3 1 4 8 5 2
3C 1 8 2 8 3 8 4 4 5 4
3A 1 10 2 10 3 9 4 2 5 9
3C 1 7 2 7 3 1 4 4 5 9
3A 1 2 2 3 3 6 4 1 5 10
3E 1 8 2 9 3 4 4 6 5 2
3C 1 1 2 2 3 7 4 5 5 1
3B 1 2 2 9 3 10 4 9 5 5
3B 1 8 2 5 3 1 4 10 5 5
3D 1 9 2 3 3 5 4 6 5 6
3B 1 8 2 2 3 2 4 6 5 3
3C 1 7 2 2 3 5 4 3 5 4
3C 1 3 2 2 3 7 4 9 5 6
3C 1 7 2 2 3 9 4 10 5 3
3C 1 10 2 6 3 5 4 4 5 2
3C 1 4 2 4 3 5 4 2 5 2
3D 1 9 2 8 3 5 4 3 5 8
3C 1 10 2 4 3 2 4 10 5 9
3B 1 6 2 1 3 3 4 9 5 7
3A 1 3 2 5 3 9 4 7 5 6
3A 1 10 2 1 3 1 4 7 5 2
3D 1 9 2 10 3 4 4 5 5 5
3B 1 1 2 7 3 7 4 2 5 9
3E 1 10 2 7 3 4 4 8 5 9
3D 1 3 2 10 3 2 4 4 5 6
3E 1 9 2 5 3 1 4 8 5 7
3D 1 7 2 2 3 6 4 5 5 3
3A 1 10 2 8 3 4 4 8 5 3
3B 1 1 2 2 3 7 4 6 5 8
3A 1 5 2 2 3 3 4 1 5 1
3B 1 5 2 7 3 1 4 8 5 2
3C 1 8 2 8 3 8 4 4 5 4
3A 1 10 2 10 3 9 4 2 5 9
3C 1 7 2 7 3 1 4 4 5 9
3A 1 2 2 3 3 6 4 1 5 10
3E 1 8 2 9 3 4 4 6 5 2
3C 1 1 2 2 3 7 4 5 5 1
3B 1 2 2 9 3 10 4 9 5 5
3B 1 5 2 4 3 10 4 9 5 9
4B 1 8 2 5 3 1 4 10 5 5
4D 1 9 2 3 3 5 4 6 5 6
4B 1 8 2 2 3 2 4 6 5 3
4C 1 7 2 2 3 5 4 3 5 4
4C 1 3 2 2 3 7 4 9 5 6
4C 1 7 2 2 3 9 4 10 5 3
4C 1 10 2 6 3 5 4 4 5 2
4C 1 4 2 4 3 5 4 2 5 2
4D 1 9 2 8 3 5 4 3 5 8
4C 1 10 2 4 3 2 4 10 5 9
4B 1 6 2 1 3 3 4 9 5 7
4A 1 3 2 5 3 9 4 7 5 6
4A 1 10 2 1 3 1 4 7 5 2
4D 1 9 2 10 3 4 4 5 5 5
4B 1 1 2 7 3 7 4 2 5 9
4E 1 10 2 7 3 4 4 8 5 9
4D 1 3 2 10 3 2 4 4 5 6
4E 1 9 2 5 3 1 4 8 5 7
4D 1 7 2 2 3 6 4 5 5 3
4A 1 10 2 8 3 4 4 8 5 3
4B 1 1 2 2 3 7 4 6 5 8
4A 1 5 2 2 3 3 4 1 5 1
4B 1 5 2 7 3 1 4 8 5 2
4C 1 8 2 8 3 8 4 4 5 4
4A 1 10 2 10 3 9 4 2 5 9
4C 1 7 2 7 3 1 4 4 5 9
4A 1 2 2 3 3 6 4 1 5 10
4E 1 8 2 9 3 4 4 6 5 2
4C 1 1 2 2 3 7 4 5 5 1
4B 1 2 2 9 3 10 4 9 5 5
5B 1 8 2 5 3 1 4 10 5 5
5D 1 9 2 3 3 5 4 6 5 6
5B 1 8 2 2 3 2 4 6 5 3
5C 1 7 2 2 3 5 4 3 5 4
5C 1 3 2 2 3 7 4 9 5 6
5C 1 7 2 2 3 9 4 10 5 3
5C 1 10 2 6 3 5 4 4 5 2
5C 1 4 2 4 3 5 4 2 5 2
5D 1 9 2 8 3 5 4 3 5 8
5C 1 10 2 4 3 2 4 10 5 9
5B 1 6 2 1 3 3 4 9 5 7
5A 1 3 2 5 3 9 4 7 5 6
5A 1 10 2 1 3 1 4 7 5 2
5D 1 9 2 10 3 4 4 5 5 5
5B 1 1 2 7 3 7 4 2 5 9
5E 1 10 2 7 3 4 4 8 5 9
5D 1 3 2 10 3 2 4 4 5 6
5E 1 9 2 5 3 1 4 8 5 7
5D 1 7 2 2 3 6 4 5 5 3
5A 1 10 2 8 3 4 4 8 5 3
5B 1 1 2 2 3 7 4 6 5 8
5A 1 5 2 2 3 3 4 1 5 1
5B 1 5 2 7 3 1 4 8 5 2
5C 1 8 2 8 3 8 4 4 5 4
5A 1 10 2 10 3 9 4 2 5 9
5C 1 7 2 7 3 1 4 4 5 9
5A 1 2 2 3 3 6 4 1 5 10
5E 1 8 2 9 3 4 4 6 5 2
5C 1 1 2 2 3 7 4 5 5 1
5B 1 2 2 9 3 10 4 9 5 5
5A 1 1 2 2 3 3 4 4 5 5
6B 1 8 2 5 3 1 4 10 5 5
6D 1 9 2 3 3 5 4 6 5 6
6B 1 8 2 2 3 2 4 6 5 3
6C 1 7 2 2 3 5 4 3 5 4
6C 1 3 2 2 3 7 4 9 5 6
6C 1 7 2 2 3 9 4 10 5 3
6C 1 10 2 6 3 5 4 4 5 2
6C 1 4 2 4 3 5 4 2 5 2
6D 1 9 2 8 3 5 4 3 5 8
6C 1 10 2 4 3 2 4 10 5 9
6B 1 6 2 1 3 3 4 9 5 7
6A 1 3 2 5 3 9 4 7 5 6
6A 1 10 2 1 3 1 4 7 5 2
6D 1 9 2 10 3 4 4 5 5 5
6B 1 1 2 7 3 7 4 2 5 9
6E 1 10 2 7 3 4 4 8 5 9
6D 1 3 2 10 3 2 4 4 5 6
6E 1 9 2 5 3 1 4 8 5 7
6D 1 7 2 2 3 6 4 5 5 3
6A 1 10 2 8 3 4 4 8 5 3
6B 1 1 2 2 3 7 4 6 5 8
6A 1 5 2 2 3 3 4 1 5 1
6B 1 5 2 7 3 1 4 8 5 2
6C 1 8 2 8 3 8 4 4 5 4
6A 1 10 2 10 3 9 4 2 5 9
6C 1 7 2 7 3 1 4 4 5 9
6A 1 2 2 3 3 6 4 1 5 10
6E 1 8 2 9 3 4 4 6 5 2
6C 1 1 2 2 3 7 4 5 5 1
6C 1 1 2 2 3 3 4 4 5 5
7B 1 8 2 5 3 1 4 10 5 5
7D 1 9 2 3 3 5 4 6 5 6
7B 1 8 2 2 3 2 4 6 5 3
7C 1 7 2 2 3 5 4 3 5 4
7C 1 3 2 2 3 7 4 9 5 6
7C 1 7 2 2 3 9 4 10 5 3
7C 1 10 2 6 3 5 4 4 5 2
7C 1 4 2 4 3 5 4 2 5 2
7D 1 9 2 8 3 5 4 3 5 8
7C 1 10 2 4 3 2 4 10 5 9
7B 1 6 2 1 3 3 4 9 5 7
7A 1 3 2 5 3 9 4 7 5 6
7A 1 10 2 1 3 1 4 7 5 2
7D 1 9 2 10 3 4 4 5 5 5
7B 1 1 2 7 3 7 4 2 5 9
7E 1 10 2 7 3 4 4 8 5 9
7D 1 3 2 10 3 2 4 4 5 6
7E 1 9 2 5 3 1 4 8 5 7
7D 1 7 2 2 3 6 4 5 5 3
7A 1 10 2 8 3 4 4 8 5 3
7B 1 1 2 2 3 7 4 6 5 8
7A 1 5 2 2 3 3 4 1 5 1
7B 1 5 2 7 3 1 4 8 5 2
7C 1 8 2 8 3 8 4 4 5 4
7A 1 10 2 10 3 9 4 2 5 9
7C 1 7 2 7 3 1 4 4 5 9
7A 1 2 2 3 3 6 4 1 5 10
7E 1 8 2 9 3 4 4 6 5 2
7C 1 1 2 2 3 7 4 5 5 1
7A 1 1 2 2 3 3 4 4 5 5
7B 1 1 2 9 3 3 4 4 5 5
7C 1 2 2 8 3 9 4 9 5 9
7D 1 6 2 8 3 7 4 9 5 3
7E 1 4 2 5 3 6 4 5 5 4
8D 1 1 2 9 3 3 4 4 5 5
8B 1 8 2 5 3 1 4 10 5 5
8D 1 9 2 3 3 5 4 6 5 6
8B 1 8 2 2 3 2 4 6 5 3
8C 1 7 2 2 3 5 4 3 5 4
8C 1 3 2 2 3 7 4 9 5 6
8C 1 7 2 2 3 9 4 10 5 3
8C 1 10 2 6 3 5 4 4 5 2
8C 1 4 2 4 3 5 4 2 5 2
8D 1 9 2 8 3 5 4 3 5 8
8C 1 10 2 4 3 2 4 10 5 9
8B 1 6 2 1 3 3 4 9 5 7
8A 1 3 2 5 3 9 4 7 5 6
8A 1 10 2 1 3 1 4 7 5 2
8D 1 9 2 10 3 4 4 5 5 5
8B 1 1 2 7 3 7 4 2 5 9
8E 1 10 2 7 3 4 4 8 5 9
8D 1 3 2 10 3 2 4 4 5 6
8E 1 9 2 5 3 1 4 8 5 7
8D 1 7 2 2 3 6 4 5 5 3
8A 1 10 2 8 3 4 4 8 5 3
8B 1 1 2 2 3 7 4 6 5 8
8A 1 5 2 2 3 3 4 1 5 1
8B 1 5 2 7 3 1 4 8 5 2
8C 1 8 2 8 3 8 4 4 5 4
8A 1 10 2 10 3 9 4 2 5 9
8C 1 7 2 7 3 1 4 4 5 9
8A 1 2 2 3 3 6 4 1 5 10
8E 1 8 2 9 3 4 4 6 5 2
8C 1 1 2 2 3 7 4 5 5 1
8B 1 2 2 9 3 10 4 9 5 5
8B 1 5 2 4 3 10 4 9 5 9
9B 1 8 2 5 3 1 4 10 5 5
9D 1 9 2 3 3 5 4 6 5 6
9B 1 8 2 2 3 2 4 6 5 3
9C 1 7 2 2 3 5 4 3 5 4
9C 1 3 2 2 3 7 4 9 5 6
9C 1 7 2 2 3 9 4 10 5 3
9C 1 10 2 6 3 5 4 4 5 2
9C 1 4 2 4 3 5 4 2 5 2
9D 1 9 2 8 3 5 4 3 5 8
9C 1 10 2 4 3 2 4 10 5 9
9B 1 6 2 1 3 3 4 9 5 7
9A 1 3 2 5 3 9 4 7 5 6
9A 1 10 2 1 3 1 4 7 5 2
9D 1 9 2 10 3 4 4 5 5 5
9B 1 1 2 7 3 7 4 2 5 9
9E 1 10 2 7 3 4 4 8 5 9
9D 1 3 2 10 3 2 4 4 5 6
9E 1 9 2 5 3 1 4 8 5 7
9D 1 7 2 2 3 6 4 5 5 3
9A 1 10 2 8 3 4 4 8 5 3
9B 1 1 2 2 3 7 4 6 5 8
9A 1 5 2 2 3 3 4 1 5 1
9B 1 5 2 7 3 1 4 8 5 2
9C 1 8 2 8 3 8 4 4 5 4
9A 1 10 2 10 3 9 4 2 5 9
9C 1 7 2 7 3 1 4 4 5 9
9A 1 2 2 3 3 6 4 1 5 10
9E 1 8 2 9 3 4 4 6 5 2
9C 1 1 2 2 3 7 4 5 5 1
9B 1 2 2 9 3 10 4 9 5 5
10B 1 8 2 5 3 1 4 10 5 5
10D 1 9 2 3 3 5 4 6 5 6
10B 1 8 2 2 3 2 4 6 5 3
10C 1 7 2 2 3 5 4 3 5 4
10C 1 3 2 2 3 7 4 9 5 6
10C 1 7 2 2 3 9 4 10 5 3
10C 1 10 2 6 3 5 4 4 5 2
10C 1 4 2 4 3 5 4 2 5 2
10D 1 9 2 8 3 5 4 3 5 8
10C 1 10 2 4 3 2 4 10 5 9
10B 1 6 2 1 3 3 4 9 5 7
10A 1 3 2 5 3 9 4 7 5 6
10A 1 10 2 1 3 1 4 7 5 2
10D 1 9 2 10 3 4 4 5 5 5
10B 1 1 2 7 3 7 4 2 5 9
10E 1 10 2 7 3 4 4 8 5 9
10D 1 3 2 10 3 2 4 4 5 6
10E 1 9 2 5 3 1 4 8 5 7
10D 1 7 2 2 3 6 4 5 5 3
10A 1 10 2 8 3 4 4 8 5 3
10B 1 1 2 2 3 7 4 6 5 8
10A 1 5 2 2 3 3 4 1 5 1
10B 1 5 2 7 3 1 4 8 5 2
10C 1 8 2 8 3 8 4 4 5 4
10A 1 10 2 10 3 9 4 2 5 9
10C 1 7 2 7 3 1 4 4 5 9
10A 1 2 2 3 3 6 4 1 5 10
10E 1 8 2 9 3 4 4 6 5 2
10C 1 1 2 2 3 7 4 5 5 1
10B 1 2 2 9 3 10 4 9 5 5
10B 1 5 2 4 3 10 4 9 5 9
11B 1 8 2 5 3 1 4 10 5 5
11D 1 9 2 3 3 5 4 6 5 6
11B 1 8 2 2 3 2 4 6 5 3
11C 1 7 2 2 3 5 4 3 5 4
11C 1 3 2 2 3 7 4 9 5 6
11C 1 7 2 2 3 9 4 10 5 3
11C 1 10 2 6 3 5 4 4 5 2
11C 1 4 2 4 3 5 4 2 5 2
11D 1 9 2 8 3 5 4 3 5 8
11C 1 10 2 4 3 2 4 10 5 9
11B 1 6 2 1 3 3 4 9 5 7
11A 1 3 2 5 3 9 4 7 5 6
11A 1 10 2 1 3 1 4 7 5 2
11D 1 9 2 10 3 4 4 5 5 5
11B 1 1 2 7 3 7 4 2 5 9
11E 1 10 2 7 3 4 4 8 5 9
11D 1 3 2 10 3 2 4 4 5 6
11E 1 9 2 5 3 1 4 8 5 7
11D 1 7 2 2 3 6 4 5 5 3
11A 1 10 2 8 3 4 4 8 5 3
11B 1 1 2 2 3 7 4 6 5 8
11A 1 5 2 2 3 3 4 1 5 1
11B 1 5 2 7 3 1 4 8 5 2
11C 1 8 2 8 3 8 4 4 5 4
11A 1 10 2 10 3 9 4 2 5 9
11C 1 7 2 7 3 1 4 4 5 9
11A 1 2 2 3 3 6 4 1 5 10
11E 1 8 2 9 3 4 4 6 5 2
11C 1 1 2 2 3 7 4 5 5 1
11B 1 2 2 9 3 10 4 9 5 5
11B 1 5 2 4 3 10 4 9 5 9
12B 1 8 2 5 3 1 4 10 5 5
12D 1 9 2 3 3 5 4 6 5 6
12B 1 8 2 2 3 2 4 6 5 3
12C 1 7 2 2 3 5 4 3 5 4
12C 1 3 2 2 3 7 4 9 5 6
12C 1 7 2 2 3 9 4 10 5 3
12C 1 10 2 6 3 5 4 4 5 2
12C 1 4 2 4 3 5 4 2 5 2
12D 1 9 2 8 3 5 4 3 5 8
12C 1 10 2 4 3 2 4 10 5 9
12B 1 6 2 1 3 3 4 9 5 7
12A 1 3 2 5 3 9 4 7 5 6
12A 1 10 2 1 3 1 4 7 5 2
12D 1 9 2 10 3 4 4 5 5 5
12B 1 1 2 7 3 7 4 2 5 9
12E 1 10 2 7 3 4 4 8 5 9
12D 1 3 2 10 3 2 4 4 5 6
12E 1 9 2 5 3 1 4 8 5 7
12D 1 7 2 2 3 6 4 5 5 3
12A 1 10 2 8 3 4 4 8 5 3
12B 1 1 2 2 3 7 4 6 5 8
12A 1 5 2 2 3 3 4 1 5 1
12B 1 5 2 7 3 1 4 8 5 2
12C 1 8 2 8 3 8 4 4 5 4
12A 1 10 2 10 3 9 4 2 5 9
12C 1 7 2 7 3 1 4 4 5 9
12A 1 2 2 3 3 6 4 1 5 10
12E 1 8 2 9 3 4 4 6 5 2
12C 1 1 2 2 3 7 4 5 5 1
12B 1 2 2 9 3 10 4 9 5 5