3B 1 8 2 5 3 1 4 10 5 5
3D 1 9 2 3 3 5 4 6 5 6
3B 1 8 2 2 3 2 4 6 5 3
3C 1 7 2 2 3 5 4 3 5 4
3C 1 3 2 2 3 7 4 9 5 6
3C 1 7 2 2 3 9 4 10 5 3
3C 1 10 2 6 3 5 4 4 5 2
3C 1 4 2 4 3 5 4 2 5 2
3D 1 9 2 8 3 5 4 3 5 8
3C 1 10 2 4 3 2 4 10 5 9
3B 1 6 2 1 3 3 4 9 5 7
3A 1 3 2 5 3 9 4 7 5 6
3A 1 10 2 1 3 1 4 7 5 2
3D 1 9 2 10 3 4 4 5 5 5
3B 1 1 2 7 3 7 4 2 5 9
3E 1 10 2 7 3 4 4 8 5 9
3D 1 3 2 10 3 2 4 4 5 6
3E 1 9 2 5 3 1 4 8 5 7
3D 1 7 2 2 3 6 4 5 5 3
3A 1 10 2 8 3 4 4 8 5 3
3B 1 1 2 2 3 7 4 6 5 8
3A 1 5 2 2 3 3 4 1 5 1
3B 1 5 2 7 3 1 4 8 5 2
3C 1 8 2 8 3 8 4 4 5 4
3A 1 10 2 10 3 9 4 2 5 9
3C 1 7 2 7 3 1 4 4 5 9
3A 1 2 2 3 3 6 4 1 5 10
3E 1 8 2 9 3 4 4 6 5 2
3C 1 1 2 2 3 7 4 5 5 1
3B 1 2 2 9 3 10 4 9 5 5
